[gd_scene load_steps=10 format=2]

[ext_resource path="res://wrld2.gd" type="Script" id=1]
[ext_resource path="res://props/plants/pot1.tscn" type="PackedScene" id=2]
[ext_resource path="res://props/table.tscn" type="PackedScene" id=3]
[ext_resource path="res://props/static_mesh1.tscn" type="PackedScene" id=4]
[ext_resource path="res://characters/player.tscn" type="PackedScene" id=5]
[ext_resource path="res://props/static_mesh2.tscn" type="PackedScene" id=6]
[ext_resource path="res://weapons/deagle/deagle_wm.tscn" type="PackedScene" id=7]

[sub_resource type="ProceduralSky" id=1]

radiance_size = 4
sky_top_color = Color( 0.223256, 0.16983, 0.414062, 1 )
sky_horizon_color = Color( 0, 0, 0, 1 )
sky_curve = 1.18922
sky_energy = 1.0
ground_bottom_color = Color( 0, 0, 0, 1 )
ground_horizon_color = Color( 0, 0, 0, 1 )
ground_curve = 0.218567
ground_energy = 1.0
sun_color = Color( 1, 0.743652, 0.414062, 1 )
sun_latitude = 25.0
sun_longitude = -85.0
sun_angle_min = 2.0
sun_angle_max = 15.0
sun_curve = 1.29961
sun_energy = 0.0
texture_size = 2
_sections_unfolded = [ "Ground", "Sky", "Sun" ]

[sub_resource type="Environment" id=2]

background_mode = 2
background_sky = SubResource( 1 )
background_sky_custom_fov = 0.0
background_color = Color( 0, 0, 0, 1 )
background_energy = 1.0
background_canvas_max_layer = 0
ambient_light_color = Color( 1, 1, 1, 1 )
ambient_light_energy = 1.0
ambient_light_sky_contribution = 1.0
fog_enabled = false
fog_color = Color( 0.271759, 0.330772, 0.507812, 1 )
fog_sun_color = Color( 1, 1, 1, 1 )
fog_sun_amount = 1.0
fog_depth_enabled = true
fog_depth_begin = 15.0
fog_depth_curve = 0.57435
fog_transmit_enabled = true
fog_transmit_curve = 1.0
fog_height_enabled = true
fog_height_min = 1.0
fog_height_max = 50.0
fog_height_curve = 1.1487
tonemap_mode = 0
tonemap_exposure = 1.0
tonemap_white = 1.0
auto_exposure_enabled = false
auto_exposure_scale = 0.1
auto_exposure_min_luma = 0.05
auto_exposure_max_luma = 5.0
auto_exposure_speed = 1.0
ss_reflections_enabled = false
ss_reflections_max_steps = 64
ss_reflections_fade_in = 1.0
ss_reflections_fade_out = 2.0
ss_reflections_depth_tolerance = 0.2
ss_reflections_roughness = true
ssao_enabled = false
ssao_radius = 1.0
ssao_intensity = 1.0
ssao_radius2 = 0.0
ssao_intensity2 = 1.0
ssao_bias = 0.01
ssao_light_affect = 0.0
ssao_color = Color( 0, 0, 0, 1 )
ssao_quality = 0
ssao_blur = 3
ssao_edge_sharpness = 4.0
dof_blur_far_enabled = false
dof_blur_far_distance = 10.0
dof_blur_far_transition = 5.0
dof_blur_far_amount = 0.1
dof_blur_far_quality = 1
dof_blur_near_enabled = false
dof_blur_near_distance = 2.0
dof_blur_near_transition = 1.0
dof_blur_near_amount = 0.1
dof_blur_near_quality = 1
glow_enabled = true
glow_levels/1 = false
glow_levels/2 = false
glow_levels/3 = true
glow_levels/4 = true
glow_levels/5 = false
glow_levels/6 = false
glow_levels/7 = false
glow_intensity = 3.0
glow_strength = 1.0
glow_bloom = 0.0
glow_blend_mode = 2
glow_hdr_threshold = 1.0
glow_hdr_scale = 2.0
glow_bicubic_upscale = false
adjustment_enabled = true
adjustment_brightness = 1.0
adjustment_contrast = 1.0
adjustment_saturation = 1.0
_sections_unfolded = [ "Ambient Light", "Background", "Fog", "Glow", "Glow/levels" ]

[node name="lvl" type="Spatial" index="0"]

script = ExtResource( 1 )

[node name="WorldEnvironment" type="WorldEnvironment" parent="." index="0"]

environment = SubResource( 2 )

[node name="OmniLight" type="OmniLight" parent="." index="1"]

transform = Transform( 1, 0, 0, 0, 1, 0, 0, 0, 1, 7, 0, 2 )
layers = 3
light_color = Color( 0.466873, 0.847656, 0.633466, 1 )
light_energy = 5.0
light_indirect_energy = 0.0
light_negative = false
light_specular = 0.5
light_bake_mode = 2
light_cull_mask = -1
shadow_enabled = false
shadow_color = Color( 0, 0, 0, 1 )
shadow_bias = 0.5
shadow_contact = 0.0
shadow_reverse_cull_face = false
editor_only = false
omni_range = 7.55785
omni_attenuation = 3.4822
omni_shadow_mode = 1
omni_shadow_detail = 1
_sections_unfolded = [ "Omni", "Shadow" ]

[node name="OmniLight2" type="OmniLight" parent="." index="2"]

transform = Transform( 1, 0, 0, 0, 1, 0, 0, 0, 1, 9, 1, -6 )
layers = 3
light_color = Color( 0.466873, 0.847656, 0.633466, 1 )
light_energy = 5.0
light_indirect_energy = 0.0
light_negative = false
light_specular = 0.5
light_bake_mode = 2
light_cull_mask = -1
shadow_enabled = false
shadow_color = Color( 0, 0, 0, 1 )
shadow_bias = 0.5
shadow_contact = 0.0
shadow_reverse_cull_face = false
editor_only = false
omni_range = 7.55785
omni_attenuation = 3.4822
omni_shadow_mode = 1
omni_shadow_detail = 1
_sections_unfolded = [ "Omni" ]

[node name="DirectionalLight" type="DirectionalLight" parent="." index="3"]

transform = Transform( 0, 0.258819, -0.965926, 0, 0.965926, 0.258819, 1, 0, 0, -15, -1, -3 )
layers = 3
light_color = Color( 0.233787, 0.212585, 0.335938, 1 )
light_energy = 1.0
light_indirect_energy = 1.0
light_negative = false
light_specular = 0.5
light_bake_mode = 2
light_cull_mask = -1
shadow_enabled = true
shadow_color = Color( 0, 0, 0, 1 )
shadow_bias = 0.1
shadow_contact = 0.0
shadow_reverse_cull_face = false
editor_only = false
directional_shadow_mode = 2
directional_shadow_split_1 = 0.1
directional_shadow_split_2 = 0.2
directional_shadow_split_3 = 0.5
directional_shadow_blend_splits = true
directional_shadow_normal_bias = 0.8
directional_shadow_bias_split_scale = 0.25
directional_shadow_depth_range = 0
directional_shadow_max_distance = 100.0
_sections_unfolded = [ "Light" ]

[node name="pot1" parent="." index="4" instance=ExtResource( 2 )]

transform = Transform( -0.17859, 0, -0.983924, 0, 1, 0, 0.983924, 0, -0.17859, 10, -2, -6 )

[node name="table2" parent="." index="5" instance=ExtResource( 3 )]

transform = Transform( -0.0921558, 0, -0.995745, 0, 1, 0, 0.995745, 0, -0.0921558, 7, -3, 2.1987 )

[node name="table3" parent="." index="6" instance=ExtResource( 3 )]

transform = Transform( -0.937964, 0, 0.346733, 0, 1, 0, -0.346733, 0, -0.937964, -2.06477e-07, -3, -5.8013 )

[node name="pot2" parent="." index="7" instance=ExtResource( 2 )]

transform = Transform( -0.822021, 0, -0.569457, 0, 1, 0, 0.569457, 0, -0.822021, 9.23479, -2, -4.482 )

[node name="pot6" parent="." index="8" instance=ExtResource( 2 )]

transform = Transform( -0.816262, 0, 0.577682, 0, 1, 0, -0.577682, 0, -0.816262, 10.7413, -2, -3.1823 )

[node name="pot5" parent="." index="9" instance=ExtResource( 2 )]

transform = Transform( -0.00502026, 0, -0.999988, 0, 1, 0, 0.999988, 0, -0.00502026, 8, -2, -2 )

[node name="table" parent="." index="10" instance=ExtResource( 3 )]

transform = Transform( -0.983924, 0, 0.17859, 0, 1, 0, -0.17859, 0, -0.983924, 10, -3, -1 )

[node name="pot3" parent="." index="11" instance=ExtResource( 2 )]

transform = Transform( -0.822021, 0, -0.569457, 0, 1, 0, 0.569457, 0, -0.822021, 10, -2, 2 )

[node name="pot4" parent="." index="12" instance=ExtResource( 2 )]

transform = Transform( -0.762808, 0, 0.646625, 0, 1, 0, -0.646625, 0, -0.762808, 10, -0.38871, -0.365101 )

[node name="static_mesh2" parent="." index="13" instance=ExtResource( 4 )]

transform = Transform( 0.55, 0, 0, 0, 3.03188, 0, 0, 0, 7.15, 12, 0, -2 )

[node name="static_mesh6" parent="." index="14" instance=ExtResource( 4 )]

transform = Transform( 0.55, 0, 0, 0, 3.03188, 0, 0, 0, 2.288, -2, 0, -6 )

[node name="static_mesh7" parent="." index="15" instance=ExtResource( 4 )]

transform = Transform( 0.55, 0, 0, 0, 3.03188, 0, 0, 0, 2.288, -2, 0, 2 )

[node name="static_mesh5" parent="." index="16" instance=ExtResource( 4 )]

transform = Transform( 8.24464, 0, 0, 0, 0.40425, 0, 0, 0, 7.15, 5, 3, -2 )

[node name="static_mesh3" parent="." index="17" instance=ExtResource( 4 )]

transform = Transform( -8.96064e-08, 0, 7.15, 0, 3.03188, 0, -0.55, 0, -1.16488e-06, 5, 0, -8 )
_sections_unfolded = [ "Collision", "Transform" ]

[node name="static_mesh4" parent="." index="18" instance=ExtResource( 4 )]

transform = Transform( -8.96064e-08, 0, 7.15, 0, 3.03188, 0, -0.55, 0, -1.16488e-06, 5, 0, 4 )
_sections_unfolded = [ "Collision", "Transform" ]

[node name="ply" parent="." index="19" instance=ExtResource( 5 )]

transform = Transform( -0.17859, 0, -0.983924, 0, 1, 0, 0.983924, 0, -0.17859, -8.4466, -0.17369, -0.7855 )

[node name="static_mesh1" parent="." index="20" instance=ExtResource( 6 )]

transform = Transform( 14.84, 0, 0, 0, 0.35, 0, 0, 0, 15.9975, 2, -3.30694, -1 )

[node name="deagle_wm" parent="." index="21" instance=ExtResource( 7 )]

transform = Transform( -0.100302, -0.57726, -0.810377, -0.984923, 0.172987, -0.00131902, 0.140946, 0.798027, -0.585908, 7.32171, -1.1849, 1.71601 )

[node name="deagle_wm3" parent="." index="22" instance=ExtResource( 7 )]

transform = Transform( 0.0604048, 0.351046, 0.934408, -0.984923, 0.172987, -0.00131902, -0.162103, -0.920241, 0.356203, 0.32171, -1.1849, -5.28399 )

[node name="deagle_wm2" parent="." index="23" instance=ExtResource( 7 )]

transform = Transform( 0.113717, 0.936068, 0.332934, 0.992826, -0.119531, -0.00303956, 0.0369506, 0.330891, -0.942945, 6.64355, -1.1849, 1.65065 )


